511,507,509
511,507,509
511,507,509
511,507,509
511,507,509
511,507,509
511,507,508
511,507,508
511,507,506
511,508,504
511,509,502
511,509,499
509,509,494
506,510,486
502,510,476
511,507,509
497,511,465
496,513,464
495,514,464
493,514,451
491,515,441
489,515,432
489,516,423
489,518,415
492,518,411
497,520,412
504,520,416
511,520,422
519,520,427
524,519,432
527,519,437
533,519,443
536,518,449
539,517,454
541,517,459
540,515,462
541,514,463
541,513,465
541,513,467
541,512,469
541,511,473
540,511,476
539,511,481
536,511,485
534,511,489
532,510,493
529,510,495
527,510,496
526,510,498
524,510,500
524,510,501
523,510,501
522,510,502
521,510,503
521,510,503
520,510,504
520,510,505
519,510,506
519,509,507
518,509,507
518,509,507
518,509,508
518,508,508
518,508,508
517,508,508
517,508,509
517,508,509
516,508,509
516,508,510
516,508,510
515,508,510
515,508,510
