511,509,511
511,509,511
511,509,511
511,509,511
511,509,511
512,509,511
512,509,511
512,509,511
511,509,511
511,509,511
512,509,511
512,509,511
512,509,511
512,509,511
512,513,507
511,509,511
518,569,491
515,625,447
493,690,396
488,744,404
471,747,427
417,734,453
377,703,495
370,672,541
400,671,554
462,655,527
535,630,501
538,589,513
539,537,525
540,488,539
541,460,547
531,450,528
529,444,494
549,449,491
538,449,508
540,458,509
540,450,496
525,457,500
519,471,498
525,492,489
513,536,478
495,555,477
500,558,481
485,560,479
477,541,489
484,527,487
487,516,492
492,506,505
505,495,502
502,490,497
505,492,489
509,507,495
519,518,500
538,508,494
534,507,491
521,494,495
529,493,499
541,491,495
532,491,506
529,496,512
534,495,515
527,501,517
523,513,521
530,523,523
518,523,519
510,525,519
508,519,517
514,516,513
515,515,508
510,514,507
507,514,506
510,511,501
510,507,491
511,506,491
505,514,498
507,516,505
516,511,506
514,509,506
507,511,510
512,515,510
