512,513,512
512,514,512
512,513,512
513,513,512
511,513,512
513,513,512
511,513,512
513,513,512
511,513,512
512,513,512
512,514,512
512,513,512
512,513,512
511,513,512
512,513,512
511,513,512
512,514,512
512,514,512
512,513,512
512,513,512
511,513,512
512,513,512
511,513,512
511,513,512
512,513,512
511,513,512
512,513,512
511,513,512
512,513,512
511,513,512
512,513,512
512,514,512
511,513,512
513,513,512
511,513,512
512,513,512
511,513,512
512,513,512
511,513,512
512,513,512
512,514,512
512,513,512
513,514,512
511,513,512
513,514,512
511,513,512
513,513,512
511,513,512
512,513,512
512,514,512
511,513,512
513,514,512
511,513,512
512,513,512
511,513,512
512,513,512
511,513,512
512,513,512
512,513,512
512,513,512
512,513,512
512,514,512
513,513,512
512,514,512
512,513,512
512,514,512
512,513,512
512,513,512
512,513,512
512,513,512
511,514,512
512,513,512
512,514,512
511,513,512
512,514,512
511,513,512
513,513,512
511,513,512
513,513,512
511,513,512
512,513,512
511,514,512
511,513,512
512,514,512
511,513,512
513,514,512
511,513,512
513,513,512
511,513,512
513,513,512
511,514,512
512,513,512
512,513,512
512,513,512
513,513,512
512,513,512
513,513,512
512,513,512
512,513,512
512,514,512
511,513,512
512,513,512
511,513,512
512,513,512
512,514,512
512,513,512
513,513,512
512,513,512
512,513,512
511,513,512
512,513,512
511,514,512
512,513,512
512,514,512
511,513,512
513,513,512
511,513,512
513,513,512
511,513,512
512,513,512
512,514,512
511,513,512
512,514,512
511,513,512
512,513,512
511,513,512
498,514,512
512,513,512
503,549,512
509,524,512
521,521,512
527,519,512
525,517,512
519,516,512
510,515,512
505,511,512
504,508,512
504,505,512
506,504,512
509,505,512
513,507,512
516,508,512
518,508,512
520,509,512
520,507,512
521,507,512
519,506,512
520,506,512
519,506,512
519,507,512
517,508,512
517,508,512
517,509,512
516,508,512
516,509,512
513,509,512
513,509,512
509,510,512
509,511,512
507,513,512
508,514,512
510,516,512
511,516,512
514,516,512
513,514,512
514,514,512
513,514,512
513,513,512
511,513,512
511,512,512
510,513,512
509,513,512
509,513,512
508,514,512
510,514,512
511,514,512
511,513,512
512,512,512
510,512,512
510,512,512
509,513,512
510,513,512
511,514,512
511,513,512
511,513,512
510,513,512
512,513,512
510,513,512
511,513,512
511,514,512
511,512,512
512,513,512
510,512,512
511,513,512
510,513,512
511,513,512
510,513,512
511,513,512
511,514,512
511,514,512
512,514,512
511,514,512
512,513,512
511,513,512
511,513,512
512,513,512
511,513,512
512,513,512
511,514,512
512,514,512
512,514,512
512,514,512
512,514,512
512,514,512
512,514,512
511,514,512
512,514,512
511,514,512
512,514,512
512,514,512
512,513,512
512,514,512
512,513,512
513,514,512
511,513,512
513,513,512
511,513,512
513,513,512
512,513,512
512,512,512
512,513,512
512,512,512
514,513,512
512,512,512
513,512,512
512,513,512
513,512,512
512,513,512
512,512,512
513,513,512
512,513,512
513,512,512
512,513,512
512,513,512
513,513,512
512,513,512
513,513,512
512,513,512
513,513,512
512,513,512
512,513,512
513,514,512
511,513,512
513,514,512
511,513,512
513,513,512
510,514,512
508,513,512
509,513,512
508,514,512
509,513,512
507,513,512
508,512,512
508,513,512